1 159
6 252
6 274
6 307
6 350
6 409
8 23
8 105
8 164
8 176
8 254
8 321
8 349
8 403
8 409
8 432
9 152
10 9
11 9
11 41
13 12
15 9
18 19
19 72
20 9
20 103
20 176
29 25
30 1
30 31
30 72
30 132
33 32
33 34
34 282
34 297
36 6
36 32
36 40
36 55
36 58
36 60
36 75
36 81
36 84
36 88
36 93
36 99
36 109
36 124
36 129
36 155
36 209
36 214
36 236
36 254
36 299
36 413
36 428
38 52
38 175
38 409
41 52
41 56
41 58
41 59
41 63
41 65
41 80
41 81
41 97
41 165
41 173
41 174
41 186
41 216
41 251
41 270
41 308
41 325
41 343
41 380
41 381
41 382
41 383
41 392
41 396
41 407
41 419
41 437
41 463
41 473
44 48
44 50
44 75
44 84
44 88
44 102
44 129
44 141
44 226
44 242
44 290
44 372
44 373
44 432
46 48
48 6
48 97
50 175
50 266
50 311
50 376
50 386
51 3
51 59
51 86
51 144
51 212
51 277
51 288
51 294
51 307
51 314
51 331
51 466
53 54
53 291
53 305
53 481
56 57
56 103
56 154
56 171
56 345
58 19
58 38
58 48
58 80
58 103
58 105
58 199
59 32
62 194
62 266
62 297
62 371
62 389
62 454
63 92
63 127
63 161
63 174
63 176
63 199
63 290
64 9
64 19
66 12
66 103
67 32
68 61
69 67
69 75
69 228
69 349
69 373
69 403
70 482
73 36
74 212
76 9
79 58
79 63
79 70
79 166
79 204
79 277
83 58
83 59
84 69
85 19
85 211
86 9
86 48
88 3
88 34
88 96
88 233
90 12
90 67
91 47
91 81
93 211
94 320
95 52
95 96
95 143
96 74
97 228
98 323
99 8
99 126
99 349
100 118
101 38
101 41
101 68
101 88
101 190
101 271
102 62
102 97
103 52
103 173
103 228
103 265
103 311
103 360
103 392
103 405
103 464
105 140
106 72
108 121
109 9
109 19
109 34
111 112
120 9
120 19
120 176
120 357
122 6
124 69
124 109
124 114
124 323
128 325
129 204
130 32
133 135
134 103
135 1
135 9
136 191
139 19
143 32
144 9
144 23
144 241
144 247
144 288
144 321
144 322
144 338
144 374
145 48
145 263
149 51
149 132
149 176
149 194
149 268
149 399
149 409
153 9
154 9
155 3
155 32
155 63
157 9
158 19
158 264
161 162
164 32
164 67
164 179
165 9
166 103
168 12
168 357
172 67
175 12
176 32
176 72
176 233
176 284
176 445
177 9
177 103
180 182
181 176
184 63
185 69
185 103
186 185
189 8
189 132
189 175
189 349
191 175
191 235
191 245
191 321
191 405
191 409
192 176
193 63
193 280
194 9
194 27
194 182
194 199
197 176
198 32
199 209
200 176
201 52
202 176
203 176
204 48
204 123
204 184
204 262
204 266
204 271
204 276
204 284
204 294
204 327
204 432
205 304
207 194
209 32
211 1
212 34
212 48
212 67
212 209
212 211
212 228
212 252
212 254
212 321
212 394
214 175
214 215
214 396
215 103
216 9
217 176
220 48
220 62
220 254
221 3
221 6
221 161
221 220
223 176
223 194
224 212
224 220
225 223
228 392
229 230
233 9
234 297
242 209
246 211
248 41
248 375
254 314
258 76
259 256
260 9
260 79
260 199
260 211
260 259
260 338
260 409
263 32
263 176
263 254
263 257
263 311
263 344
263 409
263 454
263 479
267 176
267 256
270 103
270 176
271 69
272 297
272 316
273 522
274 462
275 20
276 8
277 191
277 263
286 34
286 202
286 468
289 8
289 371
289 375
289 391
289 392
289 419
293 69
296 63
297 131
299 9
299 176
299 351
299 399
300 468
301 63
302 19
302 409
303 6
303 194
303 294
303 298
303 316
303 389
308 32
308 263
308 311
308 333
309 502
310 97
311 34
311 176
314 228
315 193
315 228
316 12
316 176
317 191
317 311
317 316
319 333
321 52
321 75
321 175
321 502
323 34
323 102
323 281
323 458
324 329
325 307
325 321
325 344
325 447
327 97
329 493
330 9
332 333
334 358
335 19
335 174
335 263
337 72
337 254
337 319
338 97
338 348
338 386
339 294
340 368
342 63
343 6
345 318
345 518
347 191
347 235
349 97
352 263
352 281
352 309
352 321
354 62
356 63
356 335
357 8
357 175
357 358
357 405
357 409
357 476
359 321
359 368
359 474
360 12
363 364
365 19
365 311
365 335
366 9
367 323
368 131
368 321
368 394
368 483
371 9
372 242
372 311
372 321
372 355
372 368
372 375
372 389
372 461
372 482
374 176
376 191
376 212
376 277
377 371
378 6
378 32
378 74
378 254
378 325
378 396
379 74
383 392
386 228
386 343
387 386
389 68
389 236
389 321
389 454
391 9
393 191
393 357
396 19
396 103
396 176
396 425
398 8
398 74
398 175
398 254
398 368
398 405
399 311
399 364
399 386
400 61
400 82
400 157
400 323
400 444
400 445
400 454
402 12
402 281
403 344
405 497
405 508
407 396
410 67
410 423
413 6
413 409
419 19
421 323
422 335
422 460
423 97
423 454
424 175
424 236
424 405
424 495
425 52
426 427
429 209
429 357
431 88
431 371
431 398
431 454
434 433
437 103
437 321
437 334
438 306
442 441
443 29
447 6
447 172
451 67
453 176
453 264
456 457
456 465
460 357
460 372
463 176
465 62
466 9
470 140
471 398
472 6
472 263
472 321
476 321
479 321
481 19
481 62
481 479
485 175
488 172
490 321
491 321
492 389
494 389
494 445
495 181
495 498
496 389
496 475
499 194
500 321
504 321
505 220
506 321
512 19
514 513
519 19
520 32
